src/simassign/tests/data/base_tiles.ecsv
# %ECSV 1.0
# ---
# datatype:
# - {name: RA, unit: deg, datatype: float64, format: '%.3f', description: Right ascension}
# - {name: DEC, unit: deg, datatype: float64, format: '%.3f', description: Declination}
# - {name: PASS, datatype: int32, description: DESI layer}
# meta: !!omap
# - {EXTNAME: TILES}
# schema: astropy-2.0
RA DEC PASS
[from data line 941]
219.125 -52.71 0
217.058 -49.634 0
247.516 -47.853 0
252.264 -46.951 0
260.536 -49.55 0
244.137 -45.451 0
245.563 -42.276 0
243.14 -57.512 0
249.143 -56.777 0
239.038 -54.94 0
236.965 -58.075 0
227.371 -55.71 0
221.442 -55.761 0
230.669 -58.527 0
227.297 -43.941 0
222.662 -43.923 0
229.404 -40.987 0
233.809 -40.761 0
235.585 -37.72 0
246.967 -39.112 0
242.719 -39.719 0
239.791 -37.292 0
238.176 -40.383 0
231.349 -38.006 0
233.171 -35.006 0
227.112 -38.142 0
224.981 -41.048 0
237.248 -34.664 0
244.286 -36.532 0
241.353 -34.204 0
241.104 -42.912 0
250.239 -41.326 0
253.408 -43.711 0
248.365 -35.964 0
251.535 -38.141 0
257.157 -47.082 0
266.382 -55.59 0
249.712 -32.817 0
245.743 -33.415 0
213.615 -52.716 0
255.249 -58.081 0
229.088 -35.204 0
248.909 -44.568 0
61.207 -75.649 0
47.73 -76.443 0
40.558 -73.659 0
33.452 -76.455 0
73.531 -77.529 0
52.256 -73.315 0
63.102 -72.352 0
45.541 -70.688 0
35.432 -70.71 0
28.773 -73.345 0
40.965 -79.473 0
23.208 -78.996 0
29.56 -82.295 0
7.945 -81.062 0
55.36 -70.121 0
64.425 -69.043 0
72.606 -70.859 0
72.775 -67.522 0
65.655 -65.738 0
77.953 -64.916 0
71.154 -63.378 0
83.392 -62.598 0
76.826 -61.323 0
58.628 -78.938 0
54.499 -82.209 0
45.01 -85.397 0
7.505 -84.53 0
57.621 -66.887 0
59.558 -63.649 0
70.045 -60.082 0
49.188 -67.611 0
44.41 -64.882 0
82.332 -72.143 0
81.042 -68.833 0
72.791 -74.197 0
84.674 -75.416 0
75.37 -80.849 0
79.696 -84.141 0
89.266 -78.593 0
19.885 -75.715 0
8.04 -77.654 0
17.72 -72.43 0
25.418 -70.176 0
23.102 -66.946 0
40.708 -61.983 0
36.566 -64.758 0
28.788 -64.524 0
31.557 -67.668 0
16.266 -69.126 0
15.263 -65.811 0
8.101 -70.971 0
8.058 -74.309 0
21.385 -63.686 0
33.692 -61.596 0
26.727 -61.32 0
40.382 -67.811 0
47.723 -61.591 0
54.65 -61.202 0
37.829 -58.961 0
44.267 -58.729 0
63.452 -60.845 0
83.845 -59.268 0
35.503 -55.867 0
31.478 -58.446 0
10.455 -88.288 0
85.686 -65.784 0
8.154 -67.634 0
52.097 -64.332 0
241.207 -75.649 0
227.73 -76.443 0
220.558 -73.659 0
213.452 -76.455 0
253.531 -77.529 0
232.256 -73.315 0
243.102 -72.352 0
225.541 -70.688 0
215.432 -70.71 0
208.773 -73.345 0
220.965 -79.473 0
203.208 -78.996 0
209.56 -82.295 0
187.945 -81.062 0
235.36 -70.121 0
244.425 -69.043 0
252.606 -70.859 0
252.775 -67.522 0
245.655 -65.738 0
257.953 -64.916 0
251.154 -63.378 0
263.392 -62.598 0
256.826 -61.323 0
238.628 -78.938 0
234.499 -82.209 0
225.01 -85.397 0
187.505 -84.53 0
237.621 -66.887 0
239.558 -63.649 0
250.045 -60.082 0
229.188 -67.611 0
224.41 -64.882 0
262.332 -72.143 0
261.042 -68.833 0
252.791 -74.197 0
264.674 -75.416 0
255.37 -80.849 0
259.696 -84.141 0
269.266 -78.593 0
199.885 -75.715 0
188.04 -77.654 0
197.72 -72.43 0
205.418 -70.176 0
203.102 -66.946 0
220.708 -61.983 0
216.566 -64.758 0
208.788 -64.524 0
211.557 -67.668 0
196.266 -69.126 0
195.263 -65.811 0
188.101 -70.971 0
188.058 -74.309 0
201.385 -63.686 0
213.692 -61.596 0
206.727 -61.32 0
220.382 -67.811 0
227.723 -61.591 0
234.65 -61.202 0
217.829 -58.961 0
224.267 -58.729 0
243.452 -60.845 0
263.845 -59.268 0
215.503 -55.867 0
211.478 -58.446 0
190.455 -88.288 0
265.686 -65.784 0
188.154 -67.634 0
232.097 -64.332 0
288.879 -15.769 0
285.774 -17.278 0
282.89 -15.411 0
282.618 -18.739 0
291.909 -17.563 0
285.989 -13.943 0
289.047 -12.436 0
283.137 -12.082 0
280.049 -13.521 0
279.731 -16.845 0
285.624 -20.613 0
282.4 -22.07 0
285.546 -23.95 0
282.24 -25.405 0
286.193 -10.612 0
289.215 -9.102 0
292.077 -10.89 0
292.323 -7.562 0
289.485 -5.775 0
294.663 -5.167 0
291.829 -3.392 0
297.442 -3.307 0
294.608 -1.539 0
288.791 -19.106 0
288.786 -22.444 0
288.82 -25.781 0
285.49 -27.287 0
286.39 -7.28 0
286.677 -3.954 0
291.379 -0.085 0
283.365 -8.752 0
280.62 -6.817 0
295.03 -12.557 0
295.248 -9.226 0
291.943 -14.226 0
294.937 -15.893 0
291.971 -20.9 0
292.085 -24.236 0
295.047 -19.229 0
279.424 -20.178 0
279.131 -23.504 0
276.524 -18.269 0
276.876 -14.948 0
274.105 -12.971 0
277.955 -4.79 0
277.512 -8.099 0
274.511 -9.631 0
277.232 -11.628 0
273.698 -16.305 0
270.946 -14.281 0
273.283 -19.619 0
276.162 -21.589 0
271.393 -10.946 0
274.819 -5.971 0
271.864 -7.561 0
280.283 -10.144 0
280.905 -3.216 0
283.999 -1.958 0
275.365 -2.678 0
278.313 -1.11 0
288.159 -0.963 0
298.381 -0.104 0
272.817 -0.52 0
272.234 -3.847 0
289.231 -29.099 0
297.677 -6.636 0
270.481 -17.597 0
283.599 -5.274 0
351.407 50.926 0
351.522 54.262 0
356.727 55.759 0
351.655 57.599 0
346.86 49.16 0
356.21 52.435 0
355.767 49.109 0
1.336 53.742 0
2.302 57.034 0
357.341 59.098 0
346.375 55.829 0
346.025 59.161 0
340.784 57.096 0
339.864 60.399 0
0.508 50.443 0
359.803 47.138 0
355.379 45.775 0
359.099 43.733 0
3.443 44.956 0
359.926 40.453 0
4.059 41.648 0
359.79 37.117 0
3.726 38.321 0
346.652 52.495 0
341.518 53.784 0
336.073 54.809 0
334.828 58.075 0
4.45 48.308 0
7.972 45.983 0
7.812 39.898 0
5.523 51.574 0
10.774 52.403 0
351.255 44.153 0
355.014 42.246 0
351.295 47.589 0
347.166 45.82 0
342.099 50.466 0
337.068 51.525 0
342.721 47.154 0
351.743 60.937 0
345.503 62.489 0
358.015 62.456 0
3.467 60.371 0
10.056 61.284 0
16.216 52.898 0
12.722 55.538 0
14.461 58.74 0
8.214 58.079 0
4.898 63.65 0
12.303 64.461 0
358.881 65.783 0
351.795 64.295 0
16.971 61.838 0
18.758 55.89 0
20.899 59.023 0
6.874 54.818 0
14.614 49.714 0
12.714 46.626 0
21.754 53.042 0
19.777 49.94 0
9.76 42.899 0
2.276 34.456 0
27.29 52.877 0
24.713 55.904 0
330.299 55.252 0
356.147 38.818 0
6.727 66.899 0
9.476 49.165 0
23.592 -30.304 0
27.391 -30.978 0
28.723 -34.122 0
31.24 -31.539 0
22.413 -27.052 0
24.78 -33.485 0
20.899 -32.727 0
26.064 -36.66 0
30.176 -37.244 0
32.742 -34.631 0
29.804 -28.381 0
33.565 -28.874 0
32.038 -25.701 0
35.717 -26.136 0
22.021 -35.935 0
18.055 -35.087 0
17.081 -31.85 0
14.077 -34.037 0
14.956 -37.298 0
10.051 -33.971 0
10.761 -37.258 0
6.193 -33.078 0
6.737 -36.386 0
26.084 -27.775 0
28.392 -25.154 0
30.573 -22.477 0
34.151 -22.974 0
19.092 -38.319 0
15.883 -40.556 0
7.979 -39.789 0
23.238 -39.144 0
24.467 -42.349 0
16.051 -28.633 0
13.125 -30.798 0
19.851 -29.512 0
18.76 -26.317 0
24.788 -24.49 0
27.03 -21.864 0
21.205 -23.819 0
35.136 -31.949 0
37.363 -29.217 0
36.829 -34.973 0
34.412 -37.684 0
36.157 -40.736 0
25.697 -45.567 0
28.886 -43.129 0
33.452 -43.435 0
31.797 -40.333 0
38.634 -37.979 0
40.559 -40.968 0
40.913 -35.188 0
39.087 -32.216 0
38.038 -43.77 0
30.355 -46.383 0
35.196 -46.537 0
27.465 -39.884 0
21.031 -44.971 0
16.63 -43.848 0
26.936 -48.797 0
21.965 -48.247 0
11.677 -41.6 0
2.475 -34.332 0
28.265 -52.025 0
31.909 -49.554 0
32.376 -19.595 0
9.012 -30.751 0
42.868 -38.134 0
20.068 -41.66 0
313.304 -16.699 0
314.09 -19.953 0
311.455 -22.21 0
314.91 -23.202 0
315.864 -14.342 0
310.711 -18.946 0
309.995 -15.679 0
308.045 -21.162 0
308.747 -24.436 0
312.241 -25.488 0
317.526 -20.827 0
318.431 -24.058 0
321.018 -21.563 0
322.012 -24.773 0
307.376 -17.884 0
306.72 -14.607 0
309.299 -12.403 0
306.111 -11.218 0
303.517 -13.39 0
304.489 -8.288 0
301.909 -10.447 0
303.549 -5.084 0
300.984 -7.237 0
316.67 -17.589 0
320.089 -18.341 0
323.543 -18.999 0
324.549 -22.201 0
304.08 -16.77 0
300.86 -15.516 0
298.572 -9.854 0
304.679 -20.059 0
301.868 -22.123 0
311.757 -10.095 0
308.584 -8.935 0
312.553 -13.441 0
314.993 -11.106 0
319.223 -15.108 0
322.614 -15.781 0
318.303 -11.893 0
315.809 -26.438 0
319.432 -27.272 0
313.114 -28.771 0
309.503 -27.758 0
306.608 -29.929 0
298.913 -24.06 0
302.259 -25.441 0
303.012 -28.711 0
305.967 -26.639 0
310.286 -31.035 0
307.3 -33.214 0
314.025 -32.026 0
316.794 -29.683 0
303.568 -32.014 0
299.127 -27.392 0
299.895 -30.662 0
305.235 -23.362 0
298.266 -20.777 0
298.02 -17.447 0
295.811 -25.858 0
295.231 -22.562 0
298.392 -13.187 0
300.783 -3.205 0
292.586 -27.543 0
295.935 -29.194 0
327.064 -19.266 0
306.808 -5.87 0
311.106 -34.301 0
301.216 -18.839 0
336.407 30.303 0
332.608 30.977 0
331.276 34.121 0
328.759 31.538 0
337.586 27.051 0
335.219 33.484 0
339.1 32.726 0
333.935 36.659 0
329.823 37.243 0
327.257 34.63 0
330.195 28.38 0
326.434 28.873 0
327.961 25.7 0
324.282 26.135 0
337.978 35.934 0
341.944 35.086 0
342.918 31.849 0
345.922 34.036 0
345.043 37.297 0
349.948 33.97 0
349.238 37.257 0
353.806 33.077 0
353.262 36.385 0
333.915 27.774 0
331.607 25.153 0
329.426 22.476 0
325.848 22.973 0
340.907 38.318 0
344.116 40.555 0
352.02 39.788 0
336.761 39.143 0
335.532 42.348 0
343.948 28.632 0
346.874 30.797 0
340.148 29.511 0
341.239 26.316 0
335.211 24.489 0
332.969 21.863 0
338.794 23.818 0
324.863 31.948 0
322.636 29.216 0
323.17 34.972 0
325.587 37.683 0
323.842 40.735 0
334.302 45.566 0
331.113 43.128 0
326.547 43.434 0
328.202 40.332 0
321.365 37.978 0
319.44 40.967 0
319.086 35.187 0
320.912 32.215 0
321.961 43.769 0
329.644 46.382 0
324.803 46.536 0
332.534 39.883 0
338.968 44.97 0
343.369 43.847 0
333.063 48.796 0
338.034 48.246 0
348.322 41.599 0
357.524 34.331 0
331.734 52.024 0
328.09 49.553 0
327.623 19.594 0
350.987 30.75 0
317.131 38.133 0
339.931 41.659 0
71.12 15.768 0
74.225 17.277 0
77.109 15.41 0
77.381 18.738 0
68.09 17.562 0
74.01 13.942 0
70.952 12.435 0
76.862 12.081 0
79.95 13.52 0
80.268 16.844 0
74.375 20.612 0
77.599 22.069 0
74.453 23.949 0
77.759 25.404 0
73.806 10.611 0
70.784 9.101 0
67.922 10.889 0
67.676 7.561 0
70.514 5.774 0
65.336 5.166 0
68.17 3.391 0
62.557 3.306 0
65.391 1.538 0
71.208 19.105 0
71.213 22.443 0
71.179 25.78 0
74.509 27.286 0
73.609 7.279 0
73.322 3.953 0
68.62 0.084 0
76.634 8.751 0
79.379 6.816 0
64.969 12.556 0
64.751 9.225 0
68.056 14.225 0
65.062 15.892 0
68.028 20.899 0
67.914 24.235 0
64.952 19.228 0
80.575 20.177 0
80.868 23.503 0
83.475 18.268 0
83.123 14.947 0
85.894 12.97 0
82.044 4.789 0
82.487 8.098 0
85.488 9.63 0
82.767 11.627 0
86.301 16.304 0
89.053 14.28 0
86.716 19.618 0
83.837 21.588 0
88.606 10.945 0
85.18 5.97 0
88.135 7.56 0
79.716 10.143 0
79.094 3.215 0
76.0 1.957 0
84.634 2.677 0
81.686 1.109 0
71.84 0.962 0
61.618 0.103 0
87.182 0.519 0
87.765 3.846 0
70.768 29.098 0
62.322 6.635 0
89.518 17.596 0
76.4 5.273 0
188.592 -50.927 0
188.477 -54.263 0
183.272 -55.76 0
188.344 -57.6 0
193.139 -49.161 0
183.789 -52.436 0
184.232 -49.11 0
178.663 -53.743 0
177.697 -57.035 0
182.658 -59.099 0
193.624 -55.83 0
193.974 -59.162 0
199.215 -57.097 0
200.135 -60.4 0
179.491 -50.444 0
180.196 -47.139 0
184.62 -45.776 0
180.9 -43.734 0
176.556 -44.957 0
180.073 -40.454 0
175.94 -41.649 0
180.209 -37.118 0
176.273 -38.322 0
193.347 -52.496 0
198.481 -53.785 0
203.926 -54.81 0
205.171 -58.076 0
175.549 -48.309 0
172.027 -45.984 0
172.187 -39.899 0
174.476 -51.575 0
169.225 -52.404 0
188.744 -44.154 0
184.985 -42.247 0
188.704 -47.59 0
192.833 -45.821 0
197.9 -50.467 0
202.931 -51.526 0
197.278 -47.155 0
188.256 -60.938 0
194.496 -62.49 0
181.984 -62.457 0
176.532 -60.372 0
169.943 -61.285 0
163.783 -52.899 0
167.277 -55.539 0
165.538 -58.741 0
171.785 -58.08 0
175.101 -63.651 0
167.696 -64.462 0
181.118 -65.784 0
188.204 -64.296 0
163.028 -61.839 0
161.241 -55.891 0
159.1 -59.024 0
173.125 -54.819 0
165.385 -49.715 0
167.285 -46.627 0
158.245 -53.043 0
160.222 -49.941 0
170.239 -42.9 0
177.723 -34.457 0
152.709 -52.878 0
155.286 -55.905 0
209.7 -55.253 0
183.852 -38.819 0
173.272 -66.9 0
170.523 -49.166 0
156.407 30.303 0
152.608 30.977 0
151.276 34.121 0
148.759 31.538 0
157.586 27.051 0
155.219 33.484 0
159.1 32.726 0
153.935 36.659 0
149.823 37.243 0
147.257 34.63 0
150.195 28.38 0
146.434 28.873 0
147.961 25.7 0
144.282 26.135 0
157.978 35.934 0
161.944 35.086 0
162.918 31.849 0
165.922 34.036 0
165.043 37.297 0
169.948 33.97 0
169.238 37.257 0
173.806 33.077 0
173.262 36.385 0
153.915 27.774 0
151.607 25.153 0
149.426 22.476 0
145.848 22.973 0
160.907 38.318 0
164.116 40.555 0
172.02 39.788 0
156.761 39.143 0
155.532 42.348 0
163.948 28.632 0
166.874 30.797 0
160.148 29.511 0
161.239 26.316 0
155.211 24.489 0
152.969 21.863 0
158.794 23.818 0
144.863 31.948 0
142.636 29.216 0
143.17 34.972 0
145.587 37.683 0
143.842 40.735 0
154.302 45.566 0
151.113 43.128 0
146.547 43.434 0
148.202 40.332 0
141.365 37.978 0
139.44 40.967 0
139.086 35.187 0
140.912 32.215 0
141.961 43.769 0
149.644 46.382 0
144.803 46.536 0
152.534 39.883 0
158.968 44.97 0
163.369 43.847 0
153.063 48.796 0
158.034 48.246 0
168.322 41.599 0
177.524 34.331 0
151.734 52.024 0
148.09 49.553 0
147.623 19.594 0
170.987 30.75 0
137.131 38.133 0
159.931 41.659 0
251.12 15.768 0
254.225 17.277 0
257.109 15.41 0
257.381 18.738 0
248.09 17.562 0
254.01 13.942 0
250.952 12.435 0
256.862 12.081 0
259.95 13.52 0
260.268 16.844 0
254.375 20.612 0
257.599 22.069 0
254.453 23.949 0
257.759 25.404 0
253.806 10.611 0
250.784 9.101 0
247.922 10.889 0
247.676 7.561 0
250.514 5.774 0
245.336 5.166 0
248.17 3.391 0
242.557 3.306 0
245.391 1.538 0
251.208 19.105 0
251.213 22.443 0
251.179 25.78 0
254.509 27.286 0
253.609 7.279 0
253.322 3.953 0
248.62 0.084 0
256.634 8.751 0
259.379 6.816 0
244.969 12.556 0
244.751 9.225 0
248.056 14.225 0
245.062 15.892 0
248.028 20.899 0
247.914 24.235 0
244.952 19.228 0
260.575 20.177 0
260.868 23.503 0
263.475 18.268 0
263.123 14.947 0
265.894 12.97 0
262.044 4.789 0
262.487 8.098 0
265.488 9.63 0
262.767 11.627 0
266.301 16.304 0
269.053 14.28 0
266.716 19.618 0
263.837 21.588 0
268.606 10.945 0
265.18 5.97 0
268.135 7.56 0
259.716 10.143 0
259.094 3.215 0
256.0 1.957 0
264.634 2.677 0
261.686 1.109 0
251.84 0.962 0
241.618 0.103 0
267.182 0.519 0
267.765 3.846 0
250.768 29.098 0
242.322 6.635 0
269.518 17.596 0
256.4 5.273 0
203.592 -30.304 0
207.391 -30.978 0
208.723 -34.122 0
211.24 -31.539 0
202.413 -27.052 0
204.78 -33.485 0
200.899 -32.727 0
206.064 -36.66 0
210.176 -37.244 0
212.742 -34.631 0
209.804 -28.381 0
213.565 -28.874 0
212.038 -25.701 0
215.717 -26.136 0
202.021 -35.935 0
198.055 -35.087 0
197.081 -31.85 0
194.077 -34.037 0
194.956 -37.298 0
190.051 -33.971 0
190.761 -37.258 0
186.193 -33.078 0
186.737 -36.386 0
206.084 -27.775 0
208.392 -25.154 0
210.573 -22.477 0
214.151 -22.974 0
199.092 -38.319 0
195.883 -40.556 0
187.979 -39.789 0
203.238 -39.144 0
204.467 -42.349 0
196.051 -28.633 0
193.125 -30.798 0
199.851 -29.512 0
198.76 -26.317 0
204.788 -24.49 0
207.03 -21.864 0
201.205 -23.819 0
215.136 -31.949 0
217.363 -29.217 0
216.829 -34.973 0
214.412 -37.684 0
216.157 -40.736 0
205.697 -45.567 0
208.886 -43.129 0
213.452 -43.435 0
211.797 -40.333 0
218.634 -37.979 0
220.559 -40.968 0
220.913 -35.188 0
219.087 -32.216 0
218.038 -43.77 0
210.355 -46.383 0
215.196 -46.537 0
207.465 -39.884 0
201.031 -44.971 0
196.63 -43.848 0
206.936 -48.797 0
201.965 -48.247 0
191.677 -41.6 0
182.475 -34.332 0
208.265 -52.025 0
211.909 -49.554 0
212.376 -19.595 0
189.012 -30.751 0
222.868 -38.134 0
200.068 -41.66 0
172.974 12.546 0
170.787 9.989 0
167.441 10.541 0
168.634 7.418 0
176.412 11.951 0
169.603 13.123 0
171.809 15.687 0
166.209 13.653 0
164.082 11.041 0
165.306 7.929 0
172.012 6.879 0
169.866 4.314 0
173.287 3.792 0
171.146 1.23 0
168.385 16.246 0
170.611 18.822 0
174.076 18.234 0
173.014 21.419 0
169.474 21.985 0
174.419 24.495 0
170.802 25.093 0
176.586 27.205 0
172.894 27.856 0
174.188 9.428 0
175.456 6.336 0
176.741 3.254 0
174.575 0.713 0
167.125 19.36 0
165.911 22.5 0
168.889 27.958 0
164.931 16.755 0
161.484 17.28 0
177.538 17.692 0
176.549 20.897 0
175.213 15.079 0
178.616 14.519 0
177.67 8.851 0
178.948 5.764 0
179.852 11.406 0
166.533 4.814 0
167.771 1.713 0
163.214 5.272 0
161.963 8.37 0
158.621 8.838 0
158.033 17.84 0
159.259 14.717 0
157.335 11.955 0
160.707 11.47 0
159.893 5.728 0
156.57 6.192 0
161.147 2.633 0
164.455 2.172 0
155.274 9.302 0
155.773 15.3 0
153.96 12.465 0
162.739 14.163 0
160.004 20.611 0
162.356 23.136 0
154.577 18.435 0
156.495 21.243 0
165.999 25.836 0
176.352 30.536 0
151.106 19.018 0
152.357 15.858 0
178.316 0.31 0
178.062 24.143 0
157.837 3.093 0
163.551 19.986 0
298.792 75.648 0
312.269 76.442 0
319.441 73.658 0
326.547 76.454 0
286.468 77.528 0
307.743 73.314 0
296.897 72.351 0
314.458 70.687 0
324.567 70.709 0
331.226 73.344 0
319.034 79.472 0
336.791 78.995 0
330.439 82.294 0
352.054 81.061 0
304.639 70.12 0
295.574 69.042 0
287.393 70.858 0
