src/simassign/tests/data/base_tiles.ecsv
# %ECSV 1.0
# ---
# datatype:
# - {name: RA, unit: deg, datatype: float64, format: '%.3f', description: Right ascension}
# - {name: DEC, unit: deg, datatype: float64, format: '%.3f', description: Declination}
# - {name: PASS, datatype: int32, description: DESI layer}
# meta: !!omap
# - {EXTNAME: TILES}
# schema: astropy-2.0
RA DEC PASS
[from data line 7617]
206.369 36.548 1
202.213 36.637 1
208.206 33.562 1
212.19 33.277 1
214.636 35.94 1
211.159 42.108 1
215.608 41.69 1
213.751 44.866 1
218.381 44.341 1
204.201 33.72 1
200.188 33.738 1
198.046 36.58 1
196.053 33.667 1
198.189 30.86 1
192.367 32.405 1
194.583 29.659 1
188.516 31.707 1
190.823 29.027 1
206.663 42.363 1
209.054 45.221 1
211.652 48.042 1
216.573 47.573 1
202.176 30.854 1
200.178 28.006 1
193.561 26.445 1
206.061 30.761 1
207.725 27.755 1
195.624 39.317 1
193.653 36.365 1
200.065 39.515 1
197.619 42.294 1
204.314 45.41 1
206.664 48.336 1
199.564 45.323 1
217.237 38.569 1
220.0 41.147 1
218.747 35.457 1
216.207 32.864 1
217.61 29.749 1
209.204 24.693 1
211.461 27.344 1
215.207 27.132 1
213.797 30.232 1
220.127 32.322 1
221.384 29.164 1
222.771 34.83 1
221.453 37.995 1
218.904 26.612 1
212.822 24.154 1
216.473 23.996 1
209.933 30.486 1
205.53 24.726 1
201.866 25.03 1
210.515 21.58 1
206.925 21.645 1
197.238 25.939 1
186.206 29.029 1
211.72 18.44 1
214.045 21.013 1
214.108 50.975 1
189.698 34.895 1
223.982 31.649 1
203.95 27.8 1
355.496 14.244 1
353.304 11.68 1
349.937 12.215 1
351.153 9.098 1
358.959 13.657 1
352.098 14.808 1
354.311 17.381 1
348.676 15.319 1
346.554 12.692 1
347.807 9.59 1
354.547 8.574 1
352.406 6.0 1
355.837 5.492 1
353.7 2.922 1
350.854 17.925 1
353.087 20.512 1
356.591 19.935 1
355.507 23.117 1
351.921 23.669 1
356.921 26.197 1
353.25 26.783 1
359.114 28.91 1
355.361 29.554 1
356.727 11.13 1
358.007 8.04 1
359.3 4.96 1
357.135 2.416 1
349.561 21.032 1
348.31 24.163 1
351.29 29.639 1
347.364 18.412 1
343.881 18.91 1
0.089 19.399 1
359.086 22.602 1
357.746 16.782 1
1.178 16.226 1
0.227 10.558 1
1.512 7.471 1
2.422 13.113 1
349.061 6.483 1
350.319 3.389 1
345.729 6.916 1
344.447 10.004 1
341.084 10.441 1
340.391 19.436 1
341.664 16.326 1
339.756 13.543 1
343.155 13.093 1
342.392 7.343 1
339.054 7.773 1
343.679 4.26 1
346.996 3.826 1
337.716 10.867 1
338.144 16.871 1
336.354 14.014 1
345.176 15.803 1
342.351 22.226 1
344.704 24.773 1
336.895 19.992 1
338.796 22.822 1
348.372 27.501 1
358.872 32.241 1
333.384 20.528 1
334.693 17.386 1
0.878 2.017 1
0.616 25.85 1
340.358 4.688 1
345.943 21.633 1
126.782 74.722 1
139.537 75.215 1
145.406 72.305 1
152.511 74.982 1
116.048 76.908 1
134.45 72.191 1
123.969 71.485 1
140.21 69.431 1
149.675 69.275 1
156.198 71.813 1
146.793 78.109 1
162.214 77.396 1
157.987 80.755 1
175.674 79.364 1
130.832 69.075 1
121.962 68.22 1
114.473 70.248 1
113.598 66.926 1
120.213 64.955 1
108.096 64.47 1
114.53 62.746 1
102.399 62.315 1
108.708 60.853 1
130.684 77.932 1
136.822 81.081 1
148.952 84.045 1
176.53 82.829 1
128.131 65.901 1
125.832 62.715 1
115.22 59.425 1
136.292 66.434 1
140.517 63.611 1
105.371 71.801 1
105.786 68.466 1
115.28 73.576 1
104.289 75.124 1
116.792 80.243 1
117.901 83.577 1
101.644 78.407 1
164.595 74.087 1
175.328 75.956 1
166.234 70.786 1
158.936 68.606 1
160.851 65.353 1
143.794 60.645 1
147.973 63.347 1
155.332 62.998 1
152.966 66.178 1
167.366 67.472 1
168.156 64.15 1
174.999 69.275 1
175.15 72.612 1
162.292 62.077 1
150.475 60.141 1
157.103 59.77 1
144.665 66.462 1
137.029 60.39 1
130.312 60.154 1
146.345 57.574 1
140.132 57.461 1
121.738 60.013 1
101.539 59.004 1
148.414 54.443 1
152.415 56.96 1
176.685 86.591 1
100.621 65.561 1
174.869 65.937 1
133.1 63.222 1
125.597 19.258 1
127.208 22.237 1
130.813 22.363 1
128.888 25.199 1
121.997 18.986 1
129.13 19.419 1
127.508 16.46 1
132.675 19.514 1
134.422 22.426 1
132.577 25.306 1
125.147 24.989 1
126.815 27.974 1
122.927 27.669 1
124.575 30.681 1
130.988 16.587 1
129.361 13.642 1
125.931 13.481 1
127.685 10.618 1
131.078 10.757 1
127.135 7.324 1
130.498 7.469 1
125.909 4.218 1
129.253 4.37 1
123.548 21.991 1
121.348 24.648 1
119.023 27.25 1
120.575 30.297 1
132.795 13.742 1
134.475 10.836 1
132.75 4.994 1
134.484 16.654 1
137.967 16.585 1
122.517 13.164 1
124.304 10.321 1
124.034 16.271 1
120.579 15.925 1
119.815 21.622 1
117.514 24.201 1
118.423 18.551 1
130.617 28.158 1
128.531 30.959 1
134.403 28.259 1
136.269 25.367 1
139.96 25.278 1
141.44 16.364 1
139.907 19.366 1
141.638 22.286 1
138.033 22.444 1
138.192 28.241 1
141.974 28.09 1
136.33 31.16 1
132.43 31.124 1
143.642 25.074 1
143.511 19.057 1
145.227 21.982 1
136.289 19.524 1
139.791 13.432 1
137.868 10.674 1
144.893 15.99 1
143.201 13.082 1
134.934 7.529 1
126.957 1.048 1
148.325 15.511 1
147.011 18.646 1
116.312 29.586 1
123.811 6.821 1
140.227 31.071 1
136.317 13.649 1
59.513 -19.323 1
57.898 -22.3 1
54.291 -22.424 1
56.214 -25.261 1
63.113 -19.053 1
55.978 -19.481 1
57.603 -16.523 1
52.431 -19.574 1
50.681 -22.484 1
52.524 -25.365 1
59.958 -25.054 1
58.286 -28.038 1
62.176 -27.736 1
60.525 -30.747 1
54.122 -16.648 1
55.752 -13.704 1
59.182 -13.546 1
57.431 -10.681 1
54.036 -10.818 1
57.983 -7.388 1
54.62 -7.531 1
59.211 -4.282 1
55.867 -4.432 1
61.56 -22.057 1
63.759 -24.715 1
66.083 -27.319 1
64.528 -30.366 1
52.317 -13.801 1
50.639 -10.893 1
52.369 -5.053 1
50.624 -16.712 1
47.141 -16.64 1
62.598 -13.231 1
60.813 -10.387 1
61.078 -16.337 1
64.534 -15.993 1
65.295 -21.691 1
67.595 -24.271 1
66.69 -18.621 1
54.481 -28.219 1
56.566 -31.022 1
50.693 -28.317 1
48.83 -25.423 1
45.137 -25.331 1
43.667 -16.416 1
45.197 -19.419 1
43.462 -22.337 1
47.068 -22.498 1
46.902 -28.295 1
43.119 -28.14 1
48.762 -31.216 1
52.664 -31.183 1
41.454 -25.123 1
41.593 -19.106 1
39.873 -22.029 1
48.816 -19.58 1
45.32 -13.484 1
47.245 -10.728 1
40.213 -16.038 1
41.909 -13.131 1
50.182 -7.586 1
58.166 -1.112 1
36.781 -15.555 1
38.092 -18.691 1
68.794 -29.656 1
61.308 -6.887 1
44.862 -31.124 1
48.794 -13.706 1
79.728 -6.518 1
82.18 -8.806 1
81.405 -12.056 1
84.662 -11.078 1
80.49 -3.192 1
78.935 -9.762 1
76.499 -7.452 1
78.129 -13.011 1
80.627 -15.307 1
83.932 -14.339 1
85.382 -7.759 1
87.878 -10.008 1
88.544 -6.62 1
91.051 -8.849 1
75.678 -10.69 1
73.256 -8.358 1
74.083 -5.123 1
70.824 -5.907 1
69.973 -9.136 1
67.834 -4.399 1
66.965 -7.623 1
65.245 -2.288 1
64.366 -5.508 1
82.92 -5.487 1
86.074 -4.363 1
89.207 -3.193 1
91.683 -5.439 1
72.401 -11.588 1
69.081 -12.357 1
63.901 -9.019 1
74.832 -13.938 1
73.887 -17.149 1
74.794 -1.862 1
71.548 -2.648 1
77.305 -4.212 1
78.005 -0.948 1
83.639 -2.076 1
86.768 -0.913 1
81.156 0.155 1
87.208 -13.303 1
90.439 -12.204 1
86.548 -16.579 1
83.226 -17.607 1
82.434 -20.86 1
72.814 -20.328 1
76.279 -19.597 1
78.965 -21.793 1
79.861 -18.563 1
85.849 -19.85 1
85.09 -23.112 1
89.199 -18.779 1
89.833 -15.497 1
81.582 -24.103 1
75.163 -22.852 1
77.958 -25.0 1
77.268 -16.314 1
70.22 -18.061 1
67.966 -15.514 1
71.595 -23.468 1
68.966 -21.182 1
65.708 -11.845 1
61.904 -2.305 1
70.263 -26.58 1
73.977 -26.01 1
92.201 -1.713 1
68.367 -1.105 1
88.53 -22.057 1
71.36 -14.857 1
260.13 -7.19 1
262.718 -9.331 1
262.142 -12.62 1
265.338 -11.452 1
260.695 -3.825 1
259.531 -10.475 1
256.957 -8.31 1
258.921 -13.765 1
261.566 -15.911 1
264.811 -14.75 1
265.855 -8.096 1
268.485 -10.192 1
268.945 -6.771 1
271.583 -8.847 1
256.326 -11.59 1
253.764 -9.4 1
254.405 -6.124 1
251.189 -7.09 1
250.52 -10.362 1
248.112 -5.751 1
247.421 -9.017 1
245.407 -3.782 1
244.701 -7.045 1
263.259 -5.974 1
266.343 -4.665 1
269.401 -3.311 1
272.007 -5.405 1
253.097 -12.673 1
249.812 -13.627 1
244.426 -10.576 1
255.675 -14.881 1
254.927 -18.14 1
254.928 -2.827 1
251.729 -3.796 1
257.573 -5.028 1
258.083 -1.73 1
263.775 -2.527 1
266.83 -1.18 1
261.164 -0.445 1
268.02 -13.521 1
271.179 -12.232 1
267.57 -16.831 1
264.315 -18.053 1
263.739 -21.346 1
254.052 -21.375 1
257.484 -20.446 1
260.326 -22.482 1
261.009 -19.206 1
267.087 -20.137 1
266.553 -23.437 1
270.362 -18.869 1
270.782 -15.555 1
263.11 -24.633 1
256.581 -23.759 1
259.538 -25.741 1
258.265 -17.112 1
251.3 -19.258 1
248.879 -16.841 1
253.034 -24.578 1
250.236 -22.444 1
246.397 -13.3 1
242.068 -3.975 1
251.908 -27.759 1
255.609 -26.98 1
272.301 -1.655 1
248.464 -2.431 1
269.917 -22.18 1
252.248 -15.996 1
54.477 66.645 1
46.555 67.999 1
44.791 71.28 1
37.814 68.929 1
54.876 63.238 1
54.073 69.98 1
62.107 68.257 1
53.506 73.318 1
42.254 74.534 1
34.401 72.068 1
40.425 65.687 1
32.358 66.313 1
35.463 63.126 1
28.075 63.511 1
62.982 71.583 1
70.743 69.468 1
68.932 66.201 1
77.115 66.965 1
80.237 70.102 1
83.946 65.105 1
87.713 68.09 1
88.68 62.5 1
92.593 65.362 1
47.983 64.648 1
42.554 62.349 1
37.977 59.848 1
31.367 60.406 1
73.25 72.706 1
84.535 73.154 1
96.675 68.524 1
64.245 74.914 1
66.562 78.209 1
67.777 62.9 1
74.972 63.748 1
61.465 64.93 1
61.176 61.594 1
49.189 61.206 1
44.284 58.934 1
55.375 59.834 1
28.505 69.344 1
24.027 66.46 1
23.394 72.23 1
29.462 75.103 1
22.379 78.012 1
71.244 81.445 1
51.943 80.13 1
32.112 80.875 1
38.26 77.734 1
16.498 74.945 1
6.938 77.388 1
12.626 71.795 1
19.007 69.221 1
11.25 80.652 1
51.084 83.545 1
20.442 83.846 1
52.716 76.719 1
84.494 78.963 1
91.319 75.967 1
82.276 84.513 1
96.544 81.629 1
94.672 71.792 1
95.497 61.539 1
115.098 86.907 1
49.198 86.88 1
34.56 57.029 1
81.621 61.932 1
4.372 74.101 1
77.532 75.93 1
143.89 4.048 1
147.194 3.526 1
148.384 0.407 1
150.494 2.994 1
142.621 7.217 1
145.087 0.932 1
141.79 1.452 1
146.287 -2.19 1
149.587 -2.706 1
151.698 -0.12 1
149.257 6.156 1
152.568 5.614 1
151.283 8.822 1
154.611 8.265 1
142.989 -1.664 1
139.691 -1.143 1
138.483 1.968 1
136.301 -0.557 1
137.508 -3.67 1
133.004 -1.081 1
134.204 -4.196 1
129.671 -0.894 1
130.863 -4.012 1
145.941 6.688 1
147.949 9.369 1
149.959 12.06 1
153.319 11.491 1
140.888 -4.26 1
138.7 -6.789 1
132.577 -7.115 1
144.193 -4.792 1
145.331 -7.932 1
137.168 5.037 1
134.984 2.51 1
140.584 4.565 1
139.273 7.638 1
144.609 9.915 1
146.592 12.627 1
141.247 10.347 1
153.797 2.486 1
155.88 5.098 1
155.035 -0.614 1
152.944 -3.216 1
154.144 -6.332 1
146.395 -11.101 1
148.636 -8.597 1
151.995 -8.936 1
150.829 -5.805 1
156.259 -3.719 1
157.465 -6.833 1
158.347 -1.114 1
157.122 1.991 1
155.335 -9.454 1
149.715 -11.845 1
153.118 -12.086 1
147.498 -5.374 1
143.017 -10.732 1
139.713 -9.973 1
147.387 -14.295 1
143.965 -13.938 1
135.714 -8.331 1
126.983 -2.874 1
148.357 -17.5 1
150.753 -15.027 1
151.729 14.92 1
131.5 1.899 1
159.566 -4.221 1
141.988 -7.503 1
