src/simassign/tests/data/base_tiles.ecsv
# %ECSV 1.0
# ---
# datatype:
# - {name: RA, unit: deg, datatype: float64, format: '%.3f', description: Right ascension}
# - {name: DEC, unit: deg, datatype: float64, format: '%.3f', description: Declination}
# - {name: PASS, datatype: int32, description: DESI layer}
# meta: !!omap
# - {EXTNAME: TILES}
# schema: astropy-2.0
RA DEC PASS
[from data line 4760]
226.402 13.14 1
231.414 17.856 1
232.208 14.607 1
234.003 20.133 1
233.217 23.39 1
229.725 24.362 1
224.603 19.589 1
223.63 22.801 1
221.124 20.255 1
220.069 23.446 1
234.756 16.873 1
235.493 13.612 1
232.981 11.348 1
236.186 10.239 1
238.714 12.475 1
237.877 7.35 1
240.394 9.573 1
238.896 4.17 1
241.401 6.388 1
225.527 16.369 1
222.116 17.052 1
218.675 17.645 1
217.613 20.829 1
238.063 15.839 1
241.303 14.668 1
243.737 9.067 1
237.377 19.112 1
240.112 21.246 1
230.587 8.984 1
233.778 7.897 1
229.716 12.311 1
227.34 9.923 1
223.045 13.837 1
219.661 14.445 1
224.028 10.641 1
226.167 25.234 1
222.562 25.994 1
228.769 27.624 1
232.372 26.693 1
235.172 28.931 1
242.988 23.259 1
239.623 24.553 1
238.773 27.802 1
235.908 25.658 1
231.499 29.951 1
234.381 32.198 1
227.775 30.858 1
225.107 28.457 1
238.112 31.09 1
242.669 26.584 1
241.797 29.832 1
236.732 22.4 1
243.732 19.994 1
244.075 16.672 1
246.013 25.138 1
246.695 21.86 1
243.825 12.403 1
241.706 2.362 1
249.16 26.911 1
245.776 28.469 1
215.177 17.851 1
235.624 4.876 1
230.585 33.196 1
240.855 17.98 1
267.005 -38.702 1
267.715 -35.412 1
271.496 -34.188 1
268.368 -32.119 1
262.845 -39.827 1
270.961 -37.498 1
270.377 -40.804 1
274.791 -36.161 1
275.157 -32.837 1
271.992 -30.859 1
264.585 -33.299 1
265.335 -30.023 1
261.551 -31.165 1
262.384 -27.907 1
274.389 -39.483 1
273.961 -42.806 1
269.731 -44.115 1
273.404 -46.222 1
277.695 -44.775 1
274.475 -49.482 1
279.002 -47.989 1
274.538 -52.819 1
279.388 -51.317 1
263.763 -36.568 1
260.633 -34.412 1
257.636 -32.206 1
258.634 -28.981 1
278.016 -41.36 1
281.783 -43.196 1
283.742 -49.13 1
278.26 -38.028 1
282.005 -36.524 1
265.374 -45.366 1
268.961 -47.613 1
266.215 -41.985 1
261.947 -43.105 1
259.606 -37.645 1
256.519 -35.412 1
258.588 -40.888 1
268.936 -28.818 1
265.987 -26.735 1
272.417 -27.506 1
275.497 -29.459 1
278.932 -28.021 1
285.658 -34.99 1
282.262 -33.193 1
282.153 -29.856 1
278.685 -31.351 1
275.821 -26.124 1
279.158 -24.689 1
272.826 -24.177 1
269.445 -25.49 1
282.287 -26.521 1
285.879 -31.657 1
285.551 -28.332 1
278.563 -34.693 1
285.953 -38.319 1
285.794 -41.655 1
289.23 -33.435 1
289.67 -36.753 1
284.63 -45.846 1
278.336 -55.304 1
292.703 -31.826 1
289.318 -30.098 1
254.534 -30.181 1
269.899 -51.094 1
276.141 -22.799 1
282.072 -39.863 1
56.359 -51.344 1
53.525 -48.548 1
55.761 -45.577 1
50.99 -45.69 1
53.86 -54.404 1
58.55 -48.319 1
61.652 -50.986 1
60.494 -45.252 1
57.751 -42.561 1
53.22 -42.759 1
48.48 -48.624 1
46.213 -45.664 1
43.434 -48.552 1
41.449 -45.501 1
63.503 -47.872 1
66.839 -50.397 1
65.134 -53.566 1
70.608 -52.922 1
71.918 -49.686 1
75.719 -54.321 1
76.703 -51.037 1
80.635 -56.134 1
81.282 -52.818 1
51.012 -51.54 1
45.643 -51.574 1
40.29 -51.397 1
38.421 -48.284 1
68.35 -47.211 1
73.098 -46.443 1
81.132 -49.278 1
65.153 -44.72 1
66.724 -41.585 1
63.344 -56.743 1
69.297 -56.172 1
59.543 -54.068 1
57.268 -57.148 1
48.12 -54.562 1
42.369 -54.491 1
51.113 -57.45 1
48.662 -42.798 1
44.119 -42.683 1
50.851 -39.893 1
55.194 -39.769 1
57.068 -36.773 1
68.262 -38.462 1
64.031 -38.954 1
61.239 -36.452 1
59.515 -39.5 1
52.879 -36.957 1
54.785 -34.002 1
48.701 -36.998 1
46.502 -39.857 1
58.827 -33.76 1
65.718 -35.811 1
62.906 -33.406 1
62.289 -42.103 1
71.398 -40.765 1
74.416 -43.238 1
69.784 -35.354 1
72.834 -37.619 1
77.938 -46.714 1
86.462 -55.484 1
71.249 -32.246 1
67.287 -32.735 1
34.947 -51.306 1
75.184 -57.645 1
50.748 -34.105 1
69.914 -43.968 1
165.789 -19.79 1
164.512 -16.68 1
166.672 -14.072 1
163.275 -13.564 1
163.52 -22.466 1
167.967 -17.168 1
169.307 -20.255 1
170.085 -14.517 1
168.77 -11.435 1
165.403 -10.953 1
161.067 -16.204 1
159.883 -13.07 1
157.629 -15.743 1
156.495 -12.592 1
171.436 -17.592 1
172.844 -20.653 1
170.705 -23.338 1
174.309 -23.814 1
176.386 -21.084 1
176.817 -26.259 1
178.88 -23.495 1
178.799 -29.099 1
180.864 -26.306 1
162.28 -19.336 1
158.778 -18.896 1
155.291 -18.424 1
154.203 -15.253 1
174.921 -17.951 1
178.409 -18.342 1
182.486 -23.086 1
173.513 -14.899 1
175.594 -12.244 1
168.577 -26.059 1
172.254 -26.586 1
167.108 -22.893 1
164.91 -25.562 1
159.942 -22.05 1
156.379 -21.601 1
161.242 -25.168 1
162.036 -10.454 1
158.685 -9.945 1
164.121 -7.826 1
167.458 -8.3 1
169.53 -5.672 1
177.71 -9.631 1
174.365 -9.132 1
172.879 -6.137 1
170.801 -8.763 1
166.192 -5.198 1
168.268 -2.581 1
162.878 -4.713 1
160.792 -7.328 1
171.603 -3.051 1
176.557 -6.495 1
174.989 -3.545 1
172.205 -11.807 1
179.276 -12.594 1
180.54 -15.699 1
179.869 -7.067 1
181.442 -10.02 1
181.553 -19.864 1
182.465 -30.088 1
182.043 -4.525 1
178.709 -3.935 1
151.782 -18.215 1
174.979 -29.173 1
164.954 -2.098 1
177.106 -15.244 1
240.059 -53.208 1
236.76 -50.562 1
238.747 -47.489 1
233.817 -47.833 1
237.895 -56.384 1
241.94 -50.081 1
245.492 -52.575 1
243.589 -46.92 1
240.492 -44.379 1
235.842 -44.803 1
231.511 -50.878 1
228.844 -48.026 1
226.217 -51.027 1
223.851 -48.064 1
246.986 -49.371 1
250.743 -51.704 1
249.471 -54.954 1
254.98 -54.005 1
255.829 -50.708 1
260.417 -55.102 1
260.881 -51.776 1
265.72 -56.616 1
265.782 -53.279 1
234.508 -53.668 1
228.874 -53.947 1
223.199 -53.995 1
220.914 -50.961 1
251.866 -48.445 1
256.602 -47.409 1
265.093 -49.764 1
248.306 -46.14 1
249.577 -42.927 1
248.178 -58.215 1
254.206 -57.314 1
243.77 -55.757 1
241.928 -58.943 1
231.881 -56.816 1
225.775 -56.998 1
235.507 -59.553 1
231.13 -45.056 1
226.402 -45.14 1
233.146 -42.055 1
237.608 -41.722 1
239.279 -38.639 1
250.84 -39.727 1
246.58 -40.45 1
243.515 -38.102 1
242.016 -41.234 1
234.999 -39.029 1
236.73 -35.987 1
230.706 -39.264 1
228.65 -42.216 1
240.84 -35.542 1
248.021 -37.222 1
244.966 -34.975 1
245.101 -43.684 1
254.245 -41.847 1
257.562 -44.139 1
252.106 -36.541 1
255.395 -38.627 1
261.534 -47.397 1
271.438 -55.623 1
253.33 -33.358 1
249.36 -34.067 1
217.515 -54.105 1
260.51 -58.44 1
232.603 -36.282 1
253.077 -45.124 1
58.183 -74.786 1
45.374 -75.268 1
39.527 -72.352 1
32.366 -75.021 1
68.945 -76.979 1
50.515 -72.249 1
61.036 -71.551 1
44.763 -69.484 1
35.279 -69.317 1
28.717 -71.848 1
38.036 -78.154 1
22.589 -77.423 1
26.708 -80.788 1
9.045 -79.374 1
54.168 -69.136 1
63.067 -68.287 1
70.571 -70.32 1
71.461 -66.998 1
64.834 -65.023 1
76.985 -64.545 1
70.538 -62.817 1
82.7 -62.392 1
76.378 -60.927 1
54.218 -77.993 1
47.96 -81.137 1
35.558 -84.087 1
7.989 -82.838 1
56.893 -65.964 1
59.211 -62.78 1
69.854 -59.496 1
48.711 -66.49 1
44.492 -63.663 1
79.701 -71.876 1
79.293 -68.541 1
69.743 -73.648 1
80.776 -75.2 1
68.149 -80.313 1
66.929 -83.647 1
83.42 -78.484 1
20.274 -74.111 1
9.493 -75.967 1
18.679 -70.808 1
26.009 -68.638 1
24.118 -65.382 1
41.224 -60.694 1
37.026 -63.391 1
29.659 -63.034 1
32.007 -66.217 1
17.58 -67.493 1
16.815 -64.17 1
9.924 -69.285 1
9.732 -72.623 1
22.696 -62.104 1
34.536 -60.182 1
27.902 -59.803 1
40.32 -66.509 1
48.001 -60.445 1
54.73 -60.215 1
38.681 -57.62 1
44.903 -57.513 1
63.321 -60.081 1
83.564 -59.081 1
36.621 -54.487 1
32.607 -56.999 1
7.161 -86.599 1
84.479 -65.637 1
10.086 -65.948 1
51.925 -63.281 1
250.009 -76.355 1
236.101 -77.497 1
227.328 -74.889 1
220.513 -77.819 1
263.774 -77.866 1
239.688 -74.271 1
250.704 -73.022 1
231.883 -71.815 1
221.134 -72.05 1
214.473 -74.799 1
230.515 -80.666 1
210.004 -80.523 1
220.061 -83.699 1
192.653 -82.742 1
242.058 -71.008 1
251.186 -69.688 1
260.003 -71.264 1
259.384 -67.933 1
251.799 -66.358 1
264.14 -65.181 1
257.026 -63.846 1
269.249 -62.708 1
262.479 -61.629 1
249.327 -79.689 1
248.668 -83.025 1
247.351 -86.361 1
194.0 -86.208 1
243.743 -67.724 1
245.229 -64.441 1
255.471 -60.588 1
235.111 -68.659 1
229.711 -66.045 1
270.202 -72.254 1
268.013 -68.996 1
261.31 -74.58 1
273.806 -75.439 1
268.583 -81.089 1
278.979 -84.161 1
280.214 -78.451 1
205.173 -77.292 1
192.067 -79.335 1
202.218 -74.034 1
210.288 -71.685 1
207.444 -68.49 1
225.523 -63.229 1
221.479 -66.084 1
213.26 -65.987 1
216.53 -69.083 1
200.296 -70.747 1
198.989 -67.442 1
191.551 -72.653 1
191.727 -75.991 1
205.366 -65.253 1
218.162 -62.978 1
210.841 -62.816 1
225.898 -69.057 1
232.769 -62.683 1
239.876 -62.125 1
222.265 -60.268 1
228.92 -59.902 1
248.854 -61.536 1
269.28 -59.37 1
219.641 -57.22 1
215.621 -59.869 1
276.253 -89.651 1
272.047 -65.817 1
191.454 -69.316 1
237.63 -65.314 1
291.885 -15.175 1
288.836 -16.77 1
285.902 -14.987 1
285.736 -18.321 1
294.957 -16.884 1
288.948 -13.431 1
291.954 -11.838 1
286.047 -11.652 1
283.009 -13.18 1
282.796 -16.512 1
288.792 -20.108 1
285.628 -21.657 1
288.824 -23.445 1
285.582 -24.994 1
289.053 -10.095 1
292.025 -8.501 1
294.931 -10.21 1
295.084 -6.875 1
292.2 -5.168 1
297.355 -4.419 1
294.476 -2.721 1
300.08 -2.485 1
297.202 -0.793 1
291.899 -18.513 1
292.001 -21.849 1
292.145 -25.184 1
288.885 -26.782 1
289.153 -6.759 1
289.345 -3.427 1
293.935 0.573 1
286.176 -8.317 1
283.378 -6.462 1
297.923 -11.796 1
298.048 -8.46 1
294.893 -13.547 1
297.924 -15.133 1
295.121 -20.218 1
295.34 -23.55 1
298.131 -18.465 1
282.597 -19.852 1
282.418 -23.185 1
279.641 -18.029 1
279.885 -14.7 1
277.056 -12.805 1
280.655 -4.514 1
280.311 -7.835 1
277.36 -9.455 1
280.139 -11.371 1
276.756 -16.149 1
273.942 -14.208 1
276.45 -19.474 1
279.39 -21.358 1
274.284 -10.861 1
277.556 -5.787 1
274.651 -7.464 1
283.14 -9.797 1
283.556 -2.854 1
286.612 -1.507 1
278.004 -2.479 1
280.905 -0.825 1
290.741 -0.394 1
300.936 0.741 1
275.394 -0.398 1
274.91 -3.741 1
292.67 -28.488 1
300.402 -5.807 1
273.584 -17.537 1
286.308 -4.833 1
353.689 52.618 1
353.771 55.955 1
359.197 57.465 1
353.867 59.293 1
348.998 50.829 1
358.67 54.14 1
358.223 50.814 1
4.011 55.447 1
5.039 58.737 1
359.831 60.805 1
348.37 57.494 1
347.922 60.824 1
342.489 58.716 1
341.397 62.01 1
3.138 52.149 1
2.402 48.844 1
357.835 47.478 1
1.673 45.44 1
6.153 46.657 1
2.521 42.159 1
6.769 43.348 1
2.379 38.823 1
6.412 40.021 1
348.726 54.162 1
343.356 55.412 1
337.656 56.378 1
336.221 59.628 1
7.214 50.006 1
10.832 47.667 1
10.611 41.583 1
8.353 53.268 1
13.823 54.071 1
353.593 45.845 1
357.472 43.949 1
353.605 49.281 1
349.361 47.491 1
344.042 52.099 1
338.801 53.107 1
344.754 48.792 1
353.908 62.63 1
347.266 64.148 1
0.535 64.162 1
6.294 62.071 1
13.271 62.956 1
19.492 54.523 1
15.92 57.192 1
17.832 60.38 1
11.256 59.761 1
7.858 65.346 1
15.765 66.117 1
1.455 67.49 1
353.899 65.989 1
20.596 63.454 1
22.23 57.489 1
24.597 60.597 1
9.799 56.507 1
17.754 51.353 1
15.734 48.28 1
25.248 54.607 1
23.103 51.528 1
12.641 44.574 1
4.914 36.16 1
30.981 54.368 1
28.437 57.431 1
331.634 56.745 1
358.646 40.523 1
9.893 68.588 1
12.426 50.841 1
25.751 -28.752 1
29.481 -29.477 1
30.728 -32.639 1
33.26 -30.096 1
24.64 -25.487 1
26.865 -31.949 1
23.064 -31.144 1
28.064 -35.14 1
32.086 -35.782 1
34.668 -33.211 1
31.909 -26.916 1
35.609 -27.469 1
34.166 -24.271 1
37.794 -24.768 1
24.113 -34.364 1
20.236 -33.474 1
19.323 -30.228 1
16.346 -32.39 1
17.17 -35.657 1
12.397 -32.297 1
13.064 -35.588 1
8.617 -31.386 1
9.131 -34.695 1
28.25 -26.257 1
30.574 -23.668 1
32.778 -21.025 1
36.31 -21.58 1
21.203 -36.717 1
18.032 -38.924 1
10.323 -38.104 1
25.246 -37.587 1
26.379 -40.808 1
18.347 -27.002 1
15.445 -29.144 1
22.079 -27.918 1
21.045 -24.712 1
27.023 -22.954 1
29.282 -20.359 1
23.492 -22.241 1
37.088 -30.57 1
39.35 -27.879 1
38.679 -33.624 1
36.232 -36.292 1
37.856 -39.373 1
27.501 -44.041 1
30.675 -41.647 1
35.126 -42.025 1
33.597 -38.897 1
40.369 -36.662 1
42.164 -39.687 1
42.693 -33.915 1
40.976 -30.909 1
39.6 -42.44 1
32.014 -44.923 1
36.726 -45.155 1
29.367 -38.382 1
22.972 -43.389 1
18.709 -42.221 1
28.614 -47.287 1
23.805 -46.674 1
13.914 -39.936 1
4.964 -32.629 1
29.795 -50.533 1
33.419 -48.117 1
34.617 -18.172 1
11.401 -29.071 1
44.526 -36.9 1
22.1 -40.067 1
316.216 -15.497 1
317.072 -18.733 1
314.513 -21.046 1
317.962 -21.965 1
318.709 -13.088 1
313.694 -17.799 1
312.903 -14.549 1
311.103 -20.074 1
311.886 -23.332 1
315.375 -24.307 1
320.501 -19.538 1
321.47 -22.751 1
323.978 -20.209 1
325.028 -23.4 1
310.354 -16.813 1
309.62 -13.552 1
312.133 -11.29 1
308.929 -10.179 1
306.4 -12.412 1
307.241 -7.288 1
304.723 -9.509 1
306.225 -4.107 1
303.718 -6.323 1
319.581 -16.318 1
322.99 -17.005 1
326.43 -17.601 1
327.487 -20.786 1
307.048 -15.777 1
303.811 -14.603 1
301.38 -9.001 1
307.731 -19.051 1
304.996 -21.182 1
314.528 -8.928 1
311.339 -7.839 1
315.396 -12.256 1
317.774 -9.87 1
322.064 -13.789 1
325.448 -14.4 1
321.085 -10.591 1
318.931 -25.182 1
322.533 -25.945 1
316.327 -27.57 1
312.727 -26.636 1
309.926 -28.871 1
302.119 -23.193 1
305.482 -24.49 1
306.329 -27.74 1
309.193 -25.598 1
313.595 -29.894 1
310.713 -32.139 1
317.316 -30.805 1
319.986 -28.406 1
306.986 -31.028 1
302.435 -26.519 1
303.304 -29.767 1
308.374 -22.339 1
301.378 -19.928 1
301.038 -16.606 1
299.095 -25.071 1
298.415 -21.792 1
301.291 -12.337 1
303.416 -2.298 1
295.948 -26.842 1
299.33 -28.402 1
329.926 -17.81 1
309.496 -4.816 1
314.505 -33.141 1
304.255 -17.916 1
338.576 31.879 1
334.702 32.507 1
333.286 35.632 1
330.779 33.013 1
339.821 28.642 1
337.314 35.047 1
341.279 34.332 1
335.945 38.205 1
331.735 38.732 1
329.182 36.081 1
332.3 29.876 1
328.475 30.312 1
330.087 27.163 1
326.353 27.539 1
340.085 37.528 1
344.147 36.719 1
345.18 33.49 1
348.219 35.7 1
347.286 38.954 1
352.328 35.657 1
351.577 38.941 1
356.27 34.778 1
355.701 38.084 1
336.085 29.321 1
333.789 26.669 1
331.629 23.962 1
328.002 24.403 1
343.041 39.942 1
346.294 42.206 1
354.41 41.483 1
338.783 40.723 1
337.458 43.913 1
346.263 30.281 1
349.219 32.466 1
342.39 31.127 1
343.538 27.943 1
337.45 26.052 1
335.221 23.398 1
341.089 25.422 1
326.812 33.361 1
324.617 30.59 1
325.014 36.355 1
327.403 39.107 1
325.534 42.128 1
336.114 47.116 1
332.906 44.635 1
328.217 44.872 1
330.001 41.797 1
323.092 39.327 1
321.033 42.279 1
320.856 36.494 1
322.793 33.557 1
323.51 45.127 1
331.301 47.867 1
326.322 47.944 1
334.443 41.41 1
340.93 46.574 1
345.479 45.491 1
334.745 50.329 1
339.891 49.839 1
350.599 43.278 1
0.062 36.038 1
333.259 53.539 1
329.589 51.014 1
329.858 21.053 1
353.408 32.441 1
318.776 39.401 1
341.984 43.272 1
74.151 16.278 1
77.31 17.697 1
80.138 15.747 1
80.518 19.065 1
71.169 18.156 1
76.99 14.37 1
73.881 12.951 1
79.788 12.427 1
82.923 13.775 1
83.346 17.087 1
77.568 21.026 1
80.847 22.388 1
77.759 24.358 1
81.125 25.716 1
76.684 11.045 1
73.615 9.623 1
70.801 11.491 1
70.459 8.171 1
73.249 6.305 1
68.05 5.842 1
70.836 3.989 1
65.219 4.057 1
68.005 2.213 1
74.344 19.61 1
74.458 22.946 1
74.539 26.283 1
77.934 27.692 1
76.389 7.72 1
76.005 4.405 1
71.194 0.67 1
79.459 9.105 1
82.147 7.09 1
67.89 13.238 1
67.577 9.915 1
71.034 14.821 1
68.081 16.571 1
71.211 21.494 1
71.207 24.831 1
68.071 19.908 1
83.763 20.409 1
84.171 23.726 1
86.602 18.416 1
86.143 15.107 1
88.851 13.048 1
84.752 4.986 1
85.294 8.28 1
88.341 9.722 1
85.682 11.799 1
89.364 16.368 1
92.05 14.264 1
89.888 19.668 1
87.076 21.723 1
91.499 10.943 1
87.923 6.072 1
90.925 7.574 1
82.585 10.405 1
81.756 3.499 1
78.625 2.332 1
87.278 2.797 1
84.285 1.317 1
74.438 1.457 1
64.194 0.88 1
89.761 0.565 1
90.443 3.873 1
74.246 29.611 1
65.074 7.391 1
92.622 17.564 1
79.122 5.635 1
191.533 -52.607 1
191.464 -55.945 1
186.046 -57.461 1
191.383 -59.282 1
196.217 -50.812 1
186.559 -54.136 1
186.994 -50.809 1
181.223 -55.45 1
180.21 -58.742 1
185.429 -60.802 1
196.869 -57.476 1
197.334 -60.806 1
202.753 -58.691 1
203.861 -61.983 1
182.083 -52.151 1
182.809 -48.845 1
187.371 -47.473 1
183.528 -45.44 1
179.052 -46.662 1
182.672 -42.16 1
178.426 -43.354 1
182.807 -38.824 1
178.776 -40.027 1
196.501 -54.145 1
201.872 -55.388 1
207.571 -56.347 1
209.019 -59.596 1
178.001 -50.014 1
174.375 -47.679 1
174.58 -41.595 1
176.872 -53.277 1
171.404 -54.087 1
191.608 -45.834 1
187.725 -43.943 1
191.607 -49.27 1
195.844 -47.475 1
201.175 -52.076 1
206.415 -53.077 1
200.453 -48.77 1
191.361 -62.62 1
198.009 -64.129 1
184.746 -64.161 1
178.974 -62.077 1
172.0 -62.971 1
165.734 -54.546 1
169.319 -57.211 1
167.421 -60.401 1
173.998 -59.773 1
177.431 -65.354 1
169.527 -66.136 1
183.852 -67.49 1
191.394 -65.978 1
164.673 -63.479 1
163.006 -57.516 1
160.653 -60.627 1
175.439 -56.517 1
167.461 -51.374 1
169.474 -48.299 1
