src/simassign/tests/data/base_tiles.ecsv
# %ECSV 1.0
# ---
# datatype:
# - {name: RA, unit: deg, datatype: float64, format: '%.3f', description: Right ascension}
# - {name: DEC, unit: deg, datatype: float64, format: '%.3f', description: Declination}
# - {name: PASS, datatype: int32, description: DESI layer}
# meta: !!omap
# - {EXTNAME: TILES}
# schema: astropy-2.0
RA DEC PASS
[from data line 1886]
294.344 65.737 0
282.046 64.915 0
288.845 63.377 0
276.607 62.597 0
283.173 61.322 0
301.371 78.937 0
305.5 82.208 0
314.989 85.396 0
352.494 84.529 0
302.378 66.886 0
300.441 63.648 0
289.954 60.081 0
310.811 67.61 0
315.589 64.881 0
277.667 72.142 0
278.957 68.832 0
287.208 74.196 0
275.325 75.415 0
284.629 80.848 0
280.303 84.14 0
270.733 78.592 0
340.114 75.714 0
351.959 77.653 0
342.279 72.429 0
334.581 70.175 0
336.897 66.945 0
319.291 61.982 0
323.433 64.757 0
331.211 64.523 0
328.442 67.667 0
343.733 69.125 0
344.736 65.81 0
351.898 70.97 0
351.941 74.308 0
338.614 63.685 0
326.307 61.595 0
333.272 61.319 0
319.617 67.81 0
312.276 61.59 0
305.349 61.201 0
322.17 58.96 0
315.732 58.728 0
296.547 60.844 0
276.154 59.267 0
324.496 55.866 0
328.521 58.445 0
349.544 88.287 0
274.313 65.783 0
351.845 67.633 0
307.902 64.331 0
108.879 -15.769 0
105.774 -17.278 0
102.89 -15.411 0
102.618 -18.739 0
111.909 -17.563 0
105.989 -13.943 0
109.047 -12.436 0
103.137 -12.082 0
100.049 -13.521 0
99.731 -16.845 0
105.624 -20.613 0
102.4 -22.07 0
105.546 -23.95 0
102.24 -25.405 0
106.193 -10.612 0
109.215 -9.102 0
112.077 -10.89 0
112.323 -7.562 0
109.485 -5.775 0
114.663 -5.167 0
111.829 -3.392 0
117.442 -3.307 0
114.608 -1.539 0
108.791 -19.106 0
108.786 -22.444 0
108.82 -25.781 0
105.49 -27.287 0
106.39 -7.28 0
106.677 -3.954 0
111.379 -0.085 0
103.365 -8.752 0
100.62 -6.817 0
115.03 -12.557 0
115.248 -9.226 0
111.943 -14.226 0
114.937 -15.893 0
111.971 -20.9 0
112.085 -24.236 0
115.047 -19.229 0
99.424 -20.178 0
99.131 -23.504 0
96.524 -18.269 0
96.876 -14.948 0
94.105 -12.971 0
97.955 -4.79 0
97.512 -8.099 0
94.511 -9.631 0
97.232 -11.628 0
93.698 -16.305 0
90.946 -14.281 0
93.283 -19.619 0
96.162 -21.589 0
91.393 -10.946 0
94.819 -5.971 0
91.864 -7.561 0
100.283 -10.144 0
100.905 -3.216 0
103.999 -1.958 0
95.365 -2.678 0
98.313 -1.11 0
108.159 -0.963 0
118.381 -0.104 0
92.817 -0.52 0
92.234 -3.847 0
109.231 -29.099 0
117.677 -6.636 0
90.481 -17.597 0
103.599 -5.274 0
343.382 -18.144 0
342.088 -15.046 0
344.21 -12.42 0
340.831 -11.94 0
341.163 -20.84 0
345.519 -15.507 0
346.868 -18.585 0
347.603 -12.842 0
346.276 -9.769 0
342.923 -9.311 0
338.666 -14.602 0
337.455 -11.48 0
335.248 -14.179 0
334.081 -11.042 0
348.961 -15.91 0
350.371 -18.965 0
348.271 -21.66 0
351.834 -22.12 0
353.876 -19.383 0
354.317 -24.557 0
356.347 -21.79 0
356.275 -27.393 0
358.307 -24.599 0
339.902 -17.721 0
336.428 -17.317 0
332.965 -16.888 0
331.84 -13.732 0
352.416 -16.255 0
355.873 -16.638 0
359.909 -21.38 0
351.008 -13.207 0
353.065 -10.545 0
346.189 -24.393 0
349.819 -24.9 0
344.714 -21.238 0
342.568 -23.924 0
337.62 -20.459 0
334.089 -20.051 0
338.943 -23.563 0
339.569 -8.842 0
336.227 -8.369 0
341.62 -6.195 0
344.948 -6.643 0
346.997 -4.001 0
355.163 -7.928 0
351.832 -7.438 0
350.339 -4.449 0
348.281 -7.084 0
343.663 -3.55 0
345.717 -0.918 0
340.351 -3.094 0
338.297 -5.729 0
349.051 -1.369 0
354.008 -4.793 0
352.435 -1.848 0
349.694 -10.122 0
356.725 -10.888 0
357.982 -13.992 0
357.311 -5.36 0
358.878 -8.313 0
358.987 -18.157 0
359.882 -28.382 0
359.479 -2.818 0
356.15 -2.23 0
329.482 -16.728 0
352.516 -27.476 0
342.402 -0.459 0
354.575 -13.541 0
83.083 -38.554 0
83.944 -35.288 0
87.774 -34.177 0
84.737 -32.017 0
78.883 -39.556 0
87.089 -37.469 0
86.342 -40.756 0
90.98 -36.247 0
91.492 -32.936 0
88.409 -30.865 0
80.914 -33.084 0
81.795 -29.832 0
77.978 -30.862 0
78.935 -27.63 0
90.419 -39.555 0
89.817 -42.862 0
85.517 -44.045 0
89.059 -46.259 0
93.442 -44.941 0
89.914 -49.547 0
94.55 -48.19 0
89.723 -52.883 0
94.701 -51.526 0
79.952 -36.327 0
76.93 -34.08 0
74.039 -31.788 0
75.158 -28.594 0
93.953 -41.538 0
97.632 -43.484 0
99.234 -49.47 0
94.366 -38.215 0
98.191 -36.823 0
81.1 -45.165 0
84.533 -47.516 0
82.128 -41.811 0
77.819 -42.805 0
75.765 -37.281 0
72.795 -34.96 0
74.598 -40.493 0
85.436 -28.734 0
82.572 -26.565 0
88.965 -27.526 0
91.969 -29.57 0
95.464 -28.234 0
101.926 -35.397 0
98.594 -33.502 0
98.62 -30.164 0
95.086 -31.556 0
92.421 -26.247 0
95.813 -24.911 0
89.496 -24.212 0
86.07 -25.423 0
98.881 -26.834 0
102.287 -32.073 0
102.086 -28.74 0
94.822 -34.892 0
102.071 -38.732 0
101.746 -42.061 0
105.581 -33.946 0
105.882 -37.274 0
100.339 -46.216 0
93.312 -55.478 0
109.138 -32.435 0
105.802 -30.613 0
71.033 -29.676 0
85.226 -51.022 0
92.86 -22.933 0
98.098 -40.162 0
337.596 -41.068 0
333.186 -40.847 0
331.419 -37.802 0
328.816 -40.459 0
339.838 -44.054 0
335.636 -38.092 0
339.877 -38.23 0
333.823 -35.081 0
329.775 -34.738 0
327.221 -37.361 0
330.605 -43.583 0
326.065 -43.093 0
327.863 -46.299 0
323.138 -45.694 0
337.899 -35.29 0
341.99 -35.352 0
344.135 -38.214 0
346.206 -35.317 0
344.064 -32.492 0
349.977 -34.08 0
347.746 -31.32 0
353.907 -33.401 0
351.575 -30.711 0
335.204 -43.902 0
332.674 -46.726 0
329.911 -49.508 0
324.868 -48.958 0
340.007 -32.448 0
342.078 -29.621 0
348.812 -28.114 0
336.058 -32.309 0
334.421 -29.282 0
346.577 -40.971 0
348.628 -38.032 0
342.025 -41.13 0
344.487 -43.931 0
337.541 -46.978 0
335.04 -49.874 0
342.432 -46.942 0
324.498 -39.944 0
321.597 -42.47 0
323.05 -36.806 0
325.701 -34.259 0
324.353 -31.12 0
332.975 -26.199 0
330.64 -28.817 0
326.848 -28.545 0
328.21 -31.668 0
321.735 -33.646 0
320.543 -30.464 0
318.979 -36.101 0
320.221 -39.291 0
323.118 -27.96 0
329.324 -25.606 0
325.634 -25.388 0
332.128 -31.982 0
336.695 -26.282 0
340.403 -26.628 0
331.703 -23.068 0
335.33 -23.183 0
345.086 -27.58 0
356.271 -30.731 0
330.54 -19.911 0
328.147 -22.446 0
327.264 -52.4 0
352.682 -36.584 0
317.844 -32.897 0
338.251 -29.374 0
46.695 16.698 0
45.909 19.952 0
48.544 22.209 0
45.089 23.201 0
44.135 14.341 0
49.288 18.945 0
50.004 15.678 0
51.954 21.161 0
51.252 24.435 0
47.758 25.487 0
42.473 20.826 0
41.568 24.057 0
38.981 21.562 0
37.987 24.772 0
52.623 17.883 0
53.279 14.606 0
50.7 12.402 0
53.888 11.217 0
56.482 13.389 0
55.51 8.287 0
58.09 10.446 0
56.45 5.083 0
59.015 7.236 0
43.329 17.588 0
39.91 18.34 0
36.456 18.998 0
35.45 22.2 0
55.919 16.769 0
59.139 15.515 0
61.427 9.853 0
55.32 20.058 0
58.131 22.122 0
48.242 10.094 0
51.415 8.934 0
47.446 13.44 0
45.006 11.105 0
40.776 15.107 0
37.385 15.78 0
41.696 11.892 0
44.19 26.437 0
40.567 27.271 0
46.885 28.77 0
50.496 27.757 0
53.391 29.928 0
61.086 24.059 0
57.74 25.44 0
56.987 28.71 0
54.032 26.638 0
49.713 31.034 0
52.699 33.213 0
45.974 32.025 0
43.205 29.682 0
56.431 32.013 0
60.872 27.391 0
60.104 30.661 0
54.764 23.361 0
61.733 20.776 0
61.979 17.446 0
64.188 25.857 0
64.768 22.561 0
61.607 13.186 0
59.216 3.204 0
67.413 27.542 0
64.064 29.193 0
32.935 19.265 0
53.191 5.869 0
48.893 34.3 0
58.783 18.838 0
113.624 -44.19 0
117.552 -42.465 0
121.662 -43.937 0
121.262 -40.613 0
109.608 -42.428 0
117.756 -45.803 0
113.591 -47.527 0
122.133 -47.259 0
125.978 -45.24 0
125.341 -41.934 0
117.281 -39.134 0
120.824 -37.292 0
116.946 -35.807 0
120.35 -33.977 0
117.993 -49.137 0
113.549 -50.865 0
109.147 -49.095 0
108.598 -52.415 0
113.32 -54.2 0
104.426 -54.649 0
109.228 -56.597 0
99.143 -56.112 0
103.854 -58.264 0
113.546 -40.853 0
113.373 -37.518 0
113.174 -34.184 0
116.61 -32.481 0
118.269 -52.47 0
118.423 -55.806 0
109.958 -59.913 0
122.688 -50.576 0
127.594 -51.883 0
104.966 -47.259 0
104.148 -50.553 0
109.462 -45.764 0
105.515 -43.944 0
109.621 -39.091 0
109.579 -35.753 0
105.75 -40.611 0
124.739 -38.62 0
124.161 -35.315 0
128.777 -39.783 0
129.602 -43.063 0
133.989 -44.082 0
132.72 -53.064 0
131.708 -49.786 0
135.151 -47.347 0
130.498 -46.34 0
132.939 -40.816 0
137.213 -41.723 0
131.987 -37.561 0
128.024 -36.498 0
138.509 -44.952 0
136.79 -50.86 0
139.945 -48.223 0
126.821 -48.576 0
128.699 -55.435 0
123.781 -57.37 0
138.063 -54.107 0
134.264 -56.654 0
116.23 -58.928 0
96.242 -59.067 0
143.629 -54.951 0
141.946 -51.727 0
112.608 -30.881 0
99.736 -52.793 0
136.055 -38.496 0
123.357 -54.039 0
8.592 -50.927 0
8.477 -54.263 0
3.272 -55.76 0
8.344 -57.6 0
13.139 -49.161 0
3.789 -52.436 0
4.232 -49.11 0
358.663 -53.743 0
357.697 -57.035 0
2.658 -59.099 0
13.624 -55.83 0
13.974 -59.162 0
19.215 -57.097 0
20.135 -60.4 0
359.491 -50.444 0
0.196 -47.139 0
4.62 -45.776 0
0.9 -43.734 0
356.556 -44.957 0
0.073 -40.454 0
355.94 -41.649 0
0.209 -37.118 0
356.273 -38.322 0
13.347 -52.496 0
18.481 -53.785 0
23.926 -54.81 0
25.171 -58.076 0
355.549 -48.309 0
352.027 -45.984 0
352.187 -39.899 0
354.476 -51.575 0
349.225 -52.404 0
8.744 -44.154 0
4.985 -42.247 0
8.704 -47.59 0
12.833 -45.821 0
17.9 -50.467 0
22.931 -51.526 0
17.278 -47.155 0
8.256 -60.938 0
14.496 -62.49 0
1.984 -62.457 0
356.532 -60.372 0
349.943 -61.285 0
343.783 -52.899 0
347.277 -55.539 0
345.538 -58.741 0
351.785 -58.08 0
355.101 -63.651 0
347.696 -64.462 0
1.118 -65.784 0
8.204 -64.296 0
343.028 -61.839 0
341.241 -55.891 0
339.1 -59.024 0
353.125 -54.819 0
345.385 -49.715 0
347.285 -46.627 0
338.245 -53.043 0
340.222 -49.941 0
350.239 -42.9 0
357.723 -34.457 0
332.709 -52.878 0
335.286 -55.905 0
29.7 -55.253 0
3.852 -38.819 0
353.272 -66.9 0
350.523 -49.166 0
102.638 6.856 0
100.117 9.072 0
100.793 12.342 0
97.565 11.269 0
101.974 3.509 0
103.334 10.122 0
105.84 7.883 0
104.043 13.393 0
101.47 15.615 0
98.194 14.55 0
96.946 7.93 0
94.382 10.104 0
93.819 6.698 0
91.245 8.851 0
106.567 11.144 0
109.059 8.882 0
108.325 5.625 0
111.564 6.5 0
112.325 9.752 0
114.598 5.076 0
115.379 8.322 0
117.246 3.035 0
118.039 6.278 0
99.476 5.732 0
96.356 4.515 0
93.259 3.253 0
90.716 5.423 0
109.821 12.134 0
113.125 12.996 0
118.409 9.8 0
107.316 14.414 0
108.163 17.651 0
107.708 2.344 0
110.931 3.223 0
105.129 4.621 0
104.523 1.339 0
98.859 2.302 0
95.765 1.046 0
101.406 0.145 0
94.95 13.417 0
91.753 12.223 0
95.505 16.712 0
98.796 17.837 0
99.48 21.112 0
109.139 20.859 0
105.689 20.029 0
102.923 22.146 0
102.133 18.892 0
96.097 20.002 0
96.744 23.285 0
92.782 18.832 0
92.255 15.532 0
100.222 24.378 0
106.699 23.315 0
103.822 25.381 0
104.802 16.719 0
111.812 18.666 0
114.15 16.183 0
110.258 24.033 0
112.973 21.821 0
116.52 12.576 0
120.587 3.14 0
111.489 27.18 0
107.779 26.506 0
90.31 1.683 0
114.156 1.768 0
93.34 22.128 0
110.767 15.432 0
187.025 -12.547 0
189.212 -9.99 0
192.558 -10.542 0
191.365 -7.419 0
183.587 -11.952 0
190.396 -13.124 0
188.19 -15.688 0
193.79 -13.654 0
195.917 -11.042 0
194.693 -7.93 0
187.987 -6.88 0
190.133 -4.315 0
186.712 -3.793 0
188.853 -1.231 0
191.614 -16.247 0
189.388 -18.823 0
185.923 -18.235 0
186.985 -21.42 0
190.525 -21.986 0
185.58 -24.496 0
189.197 -25.094 0
183.413 -27.206 0
187.105 -27.857 0
185.811 -9.429 0
184.543 -6.337 0
183.258 -3.255 0
185.424 -0.714 0
192.874 -19.361 0
194.088 -22.501 0
191.11 -27.959 0
195.068 -16.756 0
198.515 -17.281 0
182.461 -17.693 0
183.45 -20.898 0
184.786 -15.08 0
181.383 -14.52 0
182.329 -8.852 0
181.051 -5.765 0
180.147 -11.407 0
193.466 -4.815 0
192.228 -1.714 0
196.785 -5.273 0
198.036 -8.371 0
201.378 -8.839 0
201.966 -17.841 0
200.74 -14.718 0
202.664 -11.956 0
199.292 -11.471 0
200.106 -5.729 0
203.429 -6.193 0
198.852 -2.634 0
195.544 -2.173 0
204.725 -9.303 0
204.226 -15.301 0
206.039 -12.466 0
197.26 -14.164 0
199.995 -20.612 0
197.643 -23.137 0
205.422 -18.436 0
203.504 -21.244 0
194.0 -25.837 0
183.647 -30.537 0
208.893 -19.019 0
207.642 -15.859 0
181.683 -0.311 0
181.937 -24.144 0
202.162 -3.094 0
196.448 -19.987 0
131.11 -65.588 0
138.846 -66.769 0
141.015 -70.01 0
147.219 -67.537 0
130.304 -62.194 0
132.028 -68.906 0
124.045 -67.38 0
133.281 -72.224 0
144.032 -73.21 0
150.824 -70.618 0
144.394 -64.343 0
152.091 -64.838 0
148.892 -61.7 0
155.943 -61.979 0
123.891 -70.718 0
115.955 -68.812 0
117.106 -65.505 0
109.262 -66.493 0
106.866 -69.709 0
102.226 -64.834 0
99.055 -67.922 0
97.144 -62.375 0
93.691 -65.347 0
137.078 -63.451 0
142.056 -61.047 0
146.26 -58.466 0
152.626 -58.92 0
114.354 -72.107 0
103.54 -72.873 0
90.231 -68.621 0
123.662 -74.068 0
122.965 -77.402 0
117.762 -62.18 0
110.845 -63.224 0
124.152 -64.042 0
124.03 -60.705 0
135.584 -60.038 0
140.13 -57.668 0
129.483 -58.806 0
155.982 -67.814 0
159.951 -64.879 0
161.005 -70.639 0
155.846 -73.58 0
162.733 -76.406 0
121.193 -80.723 0
137.421 -78.971 0
155.128 -79.374 0
148.54 -76.333 0
167.563 -73.293 0
176.286 -75.689 0
170.87 -70.12 0
164.822 -67.59 0
172.832 -78.968 0
141.223 -82.334 0
166.229 -82.215 0
135.061 -75.595 0
106.537 -78.637 0
98.04 -75.867 0
116.567 -84.006 0
97.627 -81.614 0
93.084 -71.817 0
90.216 -61.619 0
100.455 -87.135 0
149.892 -85.553 0
149.381 -55.591 0
104.06 -61.6 0
178.482 -72.397 0
111.431 -75.432 0
171.407 50.926 0
171.522 54.262 0
176.727 55.759 0
171.655 57.599 0
166.86 49.16 0
176.21 52.435 0
175.767 49.109 0
181.336 53.742 0
182.302 57.034 0
177.341 59.098 0
166.375 55.829 0
166.025 59.161 0
160.784 57.096 0
159.864 60.399 0
180.508 50.443 0
179.803 47.138 0
175.379 45.775 0
179.099 43.733 0
183.443 44.956 0
179.926 40.453 0
184.059 41.648 0
179.79 37.117 0
183.726 38.321 0
166.652 52.495 0
161.518 53.784 0
156.073 54.809 0
154.828 58.075 0
184.45 48.308 0
187.972 45.983 0
187.812 39.898 0
185.523 51.574 0
190.774 52.403 0
171.255 44.153 0
175.014 42.246 0
171.295 47.589 0
167.166 45.82 0
162.099 50.466 0
157.068 51.525 0
162.721 47.154 0
171.743 60.937 0
165.503 62.489 0
178.015 62.456 0
183.467 60.371 0
190.056 61.284 0
196.216 52.898 0
192.722 55.538 0
194.461 58.74 0
188.214 58.079 0
184.898 63.65 0
192.303 64.461 0
178.881 65.783 0
171.795 64.295 0
196.971 61.838 0
198.758 55.89 0
200.899 59.023 0
186.874 54.818 0
194.614 49.714 0
192.714 46.626 0
201.754 53.042 0
199.777 49.94 0
189.76 42.899 0
182.276 34.456 0
207.29 52.877 0
204.713 55.904 0
150.299 55.252 0
176.147 38.818 0
186.727 66.899 0
189.476 49.165 0
38.757 -5.404 0
35.439 -4.94 0
34.197 -1.841 0
32.124 -4.461 0
40.089 -8.549 0
37.503 -2.31 0
40.812 -2.77 0
36.25 0.79 0
32.944 1.252 0
30.873 -1.366 0
33.415 -7.603 0
30.086 -7.111 0
31.423 -10.3 0
28.073 -9.79 0
39.555 0.323 0
42.861 -0.134 0
44.131 -3.221 0
46.262 -0.651 0
44.991 2.435 0
49.546 -0.056 0
48.279 3.032 0
52.882 -0.167 0
51.619 2.923 0
36.749 -8.081 0
34.78 -10.795 0
32.805 -13.517 0
29.417 -12.998 0
41.605 2.958 0
43.738 5.53 0
49.838 5.986 0
38.295 3.429 0
37.104 6.548 0
45.511 -6.262 0
47.645 -3.689 0
42.08 -5.859 0
43.455 -8.905 0
38.144 -11.283 0
36.2 -14.029 0
41.529 -11.653 0
28.81 -4.001 0
26.758 -6.64 0
27.529 -0.918 0
29.583 1.713 0
28.342 4.812 0
35.988 9.698 0
33.799 7.158 0
30.447 7.446 0
31.656 4.332 0
26.266 2.171 0
25.024 5.27 0
24.212 -0.459 0
25.474 -3.549 0
27.113 7.918 0
32.672 10.389 0
29.283 10.579 0
34.987 3.954 0
39.358 9.389 0
42.664 8.693 0
34.945 12.875 0
38.354 12.577 0
46.683 7.134 0
55.521 1.876 0
33.926 16.064 0
31.589 13.554 0
31.07 -16.404 0
51.118 -3.001 0
22.958 2.634 0
40.444 6.18 0
133.304 -16.699 0
134.09 -19.953 0
131.455 -22.21 0
134.91 -23.202 0
135.864 -14.342 0
130.711 -18.946 0
129.995 -15.679 0
128.045 -21.162 0
128.747 -24.436 0
132.241 -25.488 0
137.526 -20.827 0
138.431 -24.058 0
141.018 -21.563 0
142.012 -24.773 0
127.376 -17.884 0
126.72 -14.607 0
129.299 -12.403 0
126.111 -11.218 0
123.517 -13.39 0
124.489 -8.288 0
121.909 -10.447 0
123.549 -5.084 0
120.984 -7.237 0
136.67 -17.589 0
140.089 -18.341 0
143.543 -18.999 0
144.549 -22.201 0
124.08 -16.77 0
120.86 -15.516 0
118.572 -9.854 0
124.679 -20.059 0
121.868 -22.123 0
131.757 -10.095 0
128.584 -8.935 0
132.553 -13.441 0
134.993 -11.106 0
139.223 -15.108 0
142.614 -15.781 0
138.303 -11.893 0
135.809 -26.438 0
139.432 -27.272 0
133.114 -28.771 0
129.503 -27.758 0
126.608 -29.929 0
118.913 -24.06 0
122.259 -25.441 0
123.012 -28.711 0
125.967 -26.639 0
130.286 -31.035 0
127.3 -33.214 0
134.025 -32.026 0
136.794 -29.683 0
123.568 -32.014 0
119.127 -27.392 0
119.895 -30.662 0
125.235 -23.362 0
118.266 -20.777 0
118.02 -17.447 0
115.811 -25.858 0
115.231 -22.562 0
118.392 -13.187 0
120.783 -3.205 0
112.586 -27.543 0
115.935 -29.194 0
147.064 -19.266 0
126.808 -5.87 0
131.106 -34.301 0
121.216 -18.839 0
66.375 44.189 0
62.447 42.464 0
58.337 43.936 0
58.737 40.612 0
70.391 42.427 0
62.243 45.802 0
66.408 47.526 0
57.866 47.258 0
54.021 45.239 0
54.658 41.933 0
62.718 39.133 0
